# A line contains one of these:
#   node[/cardinality]
#   !
1
    13 20 000 000
        13 20 017 000
    !
!
    12 09 000 000
        12 09 001 000
    !
!
    11 01 000 000
        11 01 001 000
    !
!
    11 02 000 000
        11 02 001 000
    !
!
    14 17 000 000
        14 17 001 000
    !
!
    13 21 000 000
        13 21 017 000
    !
!
    13 06 000 000
        13 06 017 000
    !
        13 06 030 000
    !
        13 06 074 000/9
            13 06 074 016
        !
            13 06 074 075
        !
            13 06 074 076
        !
    !
!
    14 09 000 000
        14 09 001 000
    !
!
    13 05 000 000
!
    12 10 000 000/9
!
    12 12 000 000/99
!
    13 04 000 000
!
    99 03 000 000/99
!
    99 02 000 000/9
!
    17 09 000 000
!
    17 10 000 000
!
    12 12 000 000/99
!
    6
        19 01 000 000
    !
        99 05 000 000
    !
        19 08 000 000
            19 08 062 000
        !
    !
        19 03 000 000
            19 03 001 000
        !
    !
        14 06 000 000
    !
        14 05 000 000
    !
        13 14 000 000/99
    !
        12 02 000 000/99
    !
        12 04 000 000/99
    !
        13 09 000 000
    !
        19 06 000 000
    !
        19 04 000 000
    !
        16 15 000 000
    !
        19 07 000 000/9999
    !
        14 04 000 000/99
    !
        16 03 000 000
    !
        16 06 000 000
    !
        13 16 000 000/99
    !
        13 01 000 000
    !
        18 04 000 000
    !
        16 04 000 000
    !
        15 09 000 000
    !
        12 01 000 000/99
    !
        14 01 000 000
    !
        12 11 000 000
    !
        13 08 000 000
    !
        12 03 000 000/99
    !
        12 08 000 000
    !
        12 05 000 000/99
    !
        7/9999
            99 05 000 000
        !
            18 08 000 000
        !
            14 16 000 000
        !
            99 01 000 000
        !
            14 11 000 000
        !
            13 14 000 000/99
        !
            12 02 000 000/99
        !
            12 04 000 000/99
        !
            13 09 000 000
        !
            14 04 000 000/99
        !
            16 03 000 000
        !
            16 06 000 000
        !
            13 16 000 000/99
        !
            13 01 000 000
        !
            18 04 000 000
        !
            99 06 000 000
        !
            11 03 000 000
        !
            18 05 000 000
        !
            18 09 000 000
        !
            18 02 000 000
        !
            18 01 000 000
        !
            14 08 000 000
        !
            14 03 000 000/99
                14 03 039 000
            !
                14 03 038 000/99
            !
                14 03 042 000
            !
                14 03 040 000/99
            !
                14 03 040 041
            !
                14 03 040 005
            !
                14 03 040 006
            !
                14 03 040 014
            !
                14 03 040 043
            !
        !
            14 10 000 000
        !
            16 04 000 000
        !
            11 09 000 000
        !
            11 10 000 000/99
        !
            16 09 000 000
        !
            16 08 000 000
        !
            18 06 000 000/99
        !
            15 09 000 000
        !
            12 01 000 000/99
        !
            13 08 000 000
        !
            12 03 000 000/99
        !
            12 08 000 000
        !
            14 07 000 000
        !
            12 05 000 000/99
